1234567890123456
2345678901234567
3456789012345678
4567890123456789
5678901234567890
6789012345678901
7890123456789012
8901234567890123
9012345678901234
0123456789012345
1234567890123467
2345678901234578
3456789012345689
4567890123456790
5678901234567801
6789012345678912
7890123456789023
8901234567890134
9012345678901245
0123456789012356
1234567890123478
2345678901234589
3456789012345690
4567890123456701
5678901234567812
6789012345678923
7890123456789034
8901234567890145
9012345678901256
0123456789012367
1234567890123489
2345678901234590
3456789012346701
4567890123456812
5678901234567923
6789012345678034
7890123456789145
8901234567890256
9012345678901367
0123456789012478
1234567890123490
2345678901234601
3456789012345712
4567890123456823
5678901234567934
6789012345678045
7890123456789012
8901234567890123
9012345678901234
0123456789012345
1234567890123467
2345678901234578
3456789012345689
4567890123456790
5678901234567801
6789012345678912
7890123456789023
8901234567890134
9012345678901245
0123456789012356
1234567890123478
2345678901234589
3456789012345690
4567890123456701
5678901234567812
6789012345678923
7890123456789034
8901234567890145
9012345678901256
0123456789012367
1234567890123489
2345678901234590
3456789012346701
4567890123456812
5678901234567923
6789012345678034
7890123456789145
8901234567890256
9012345678901367
0123456789012478
1234567890123490
2345678901234601
3456789012345712
4567890123456823
5678901234567934
6789012345678045